0 0.0135029 0.0586517 0.0306379 -0.00477654  -0.0017949   0.0424336    0.999086
1 0.0605381 0.0755682  -2.02722 -0.00768794  0.00307883   0.0485673    0.998786
2 -0.000110401     0.124361     -6.59892 -0.00703418   0.0165811   0.0580422    0.998152
3 -0.0356563   0.187321   -10.7264 -0.00617573   0.0219713   0.0636254    0.997713
4 -0.0643732   0.141187   -15.9376 -0.00928807   0.0259246   0.0722032     0.99701
5 -0.102906  0.169112  -19.5674 -0.00986689   0.0279649   0.0787992    0.996449
6 0.0178635  0.433443  -23.2811 -0.00520282   0.0259187   0.0870091    0.995857
7 0.223221 0.203077 -27.9791 -0.0108822  0.0228924  0.0928773   0.995355
8 0.138217 0.353428 -31.8644 -0.00929042   0.0242233    0.092866    0.995341
9  0.01648   0.4195 -36.7941 -0.00902944   0.0267744   0.0997404    0.994612
10 -0.0395628   0.715408   -41.6904 -0.00652446   0.0270932    0.109324    0.993615
11 -0.161442  0.599967  -46.5714 -0.00867626   0.0287092    0.116668    0.992718
12 -0.242078   0.80681  -51.3963 -0.00760437   0.0294575    0.120562    0.992239
13  -0.4339  1.35577 -56.1582 -0.00331611   0.0306666    0.119975    0.992298
14 -0.806608  0.569914  -60.8382 -0.0100433  0.0344632   0.129195   0.990969
15 -1.07665 0.976853 -64.3025 -0.00714814   0.0362311     0.13616    0.989998
16 -1.78529 0.993758 -70.5932 -0.00670949   0.0415395    0.144326    0.988635
17 -1.14214 0.872827 -76.9409 -0.0091767  0.0377173   0.143823   0.988842
18  18.3034  2.46508 -80.0854 -0.0176259 -0.0856413   0.142645   0.985904
19  53.1038  2.25876 -66.2404 -0.0528573  -0.312984   0.136243   0.938448
20  75.7534  2.86364 -41.1693 -0.0773285  -0.503511   0.123556   0.851605
21  83.5877  2.67042 -23.6067 -0.0935138  -0.604643   0.112975   0.782878
22  86.0416  2.49392 -14.4096 -0.108835 -0.655925  0.114072  0.738176
23  86.8202   2.9936 -11.1017 -0.107359 -0.680735  0.108331  0.716477
24  87.1317  3.32573 -11.3055 -0.108338 -0.691606   0.10821  0.705858
25  87.1579  3.22938 -15.7731 -0.108349 -0.692703  0.106115  0.705098
26  86.5949  4.86689 -23.6174 -0.0993288  -0.683986    0.11136    0.71407
27  86.4353  7.58058 -29.3903 -0.0891878  -0.684851   0.121787   0.712877
28  86.7412   9.9737 -32.1641 -0.0794621  -0.691203   0.126918   0.706976
29 88.0377 11.2894 -32.332 -0.0763852  -0.707107   0.127392    0.69133
30  89.3445  12.3542 -31.4861 -0.0747429  -0.722894   0.127676   0.674935
31 90.5343 12.8395 -30.972 -0.0762632  -0.736466   0.128875   0.659692
32  91.4885  12.7188 -31.2212 -0.0785228  -0.746517   0.126272   0.648539
33  91.7512  12.8261 -33.9119 -0.0785961  -0.749273   0.125061   0.645579
34  85.9537  13.1561 -50.9763 -0.0711733  -0.704104   0.138887   0.692735
35  69.2429  15.1968 -74.4143 -0.0423672  -0.608248   0.147807   0.778712
36  54.3959  14.0401 -87.5136 -0.0338887  -0.532934   0.156152   0.830933
37  28.4733  12.3972 -101.055 -0.0185853  -0.412716   0.168158    0.89501
38 -6.18026  14.4865 -106.868 0.0200242 -0.261052  0.170021  0.950023
39 -31.8117  14.7571 -104.928 0.0464046 -0.145521  0.176793  0.972324
40 -37.0754  12.7414 -106.592 0.0487911  -0.12118   0.19226   0.97261
41 -34.2876   11.883 -111.091 0.0456288 -0.133724  0.200766  0.969396
42 -32.9817  11.3247 -115.453 0.0417852 -0.138681  0.200493  0.968929
43 -34.3642  12.3384 -118.542  0.050139 -0.134511  0.206686  0.967819
44 -36.5196  11.2153 -122.693 0.0488268 -0.124985  0.210152  0.968417
45 -36.5702   10.637 -126.855 0.0487803 -0.124539  0.215226  0.967362
46 -35.0338  9.56428 -132.487 0.0473585 -0.130164  0.225427  0.964364
47 -33.9639  9.59464 -137.832 0.0489771 -0.134275   0.23167  0.962237
48 -34.4438  12.3892 -142.542 0.0566732 -0.134333  0.225413  0.963292
49 -35.9649  8.88903   -146.5 0.0459309 -0.126359   0.22657  0.964671
50 -38.0398  9.08661 -149.991 0.0501347 -0.119957  0.231734  0.964052
51 -41.2703  9.28218 -153.152  0.050523 -0.109326  0.224706  0.966955
52 -47.3512  9.33354 -156.943  0.0551992 -0.0902848   0.224088   0.968807
53 -55.2508  8.98886 -159.246  0.0628158 -0.0660644   0.230578   0.968774
