0 -0.0176142 -0.0548733 -0.0323312 0.00475417 0.00176876 -0.0421244   0.999099
1 -0.0812402 -0.0972221    2.02877  0.00766731 -0.00311283  -0.0481306    0.998807
2 -0.240135 -0.198555   6.60131 0.00705033 -0.0166012 -0.0575458    0.99818
3 -0.469879 -0.286207   10.7268 0.00617983 -0.0220173 -0.0629822   0.997753
4 -0.779377 -0.335216    15.922 0.00989939  -0.026367 -0.0710442   0.997075
5    -1.005 -0.398335   19.5316  0.0108663 -0.0287026 -0.0764755   0.996599
6  -1.24454 -0.431349    23.261 0.00690389 -0.0271193 -0.0834603   0.996118
7  -1.48607 -0.449199   27.9586  0.0138971 -0.0245541  -0.088688    0.99566
8  -1.66523 -0.521776   31.8233  0.0134801 -0.0262482 -0.0886563   0.995625
9  -1.99147 -0.597094   36.7812  0.0145532 -0.0291713 -0.0959086   0.994856
10  -2.21772 -0.660295   40.7101  0.0126478 -0.0299029  -0.105231   0.993918
11  -2.60452 -0.842471   45.6293  0.0137711 -0.0306918  -0.112202   0.993116
12  -2.9542 -1.04136  50.4259  0.0151176 -0.0314334  -0.119415   0.992232
13 -3.29904 -1.21462  55.1499  0.0129986 -0.0324129  -0.118206   0.992375
14 -3.64644 -1.30529  59.8624  0.0179403 -0.0354476  -0.124915   0.991372
15 -4.03878 -1.49061   64.261 0.0142734 -0.037669 -0.133552  0.990223
16 -4.62215 -1.60792  70.5038  0.0144223 -0.0428321   -0.14067   0.989024
17  -5.2498 -1.87023  77.3088  0.0157205 -0.0365133  -0.137582   0.989692
18 -5.02611 -2.16653   81.953 0.0267867 0.0834199 -0.137279   0.98665
19 -3.52976 -2.71927  84.6846 0.0620856  0.307653 -0.129055  0.940659
20 -1.75437 -3.32489  85.8495 0.0830941  0.473474 -0.113964  0.869442
21 0.619473 -4.08437   86.631  0.101233  0.598924 -0.100973  0.787938
22 2.96954 -4.8538 86.9379   0.117063   0.650163 -0.0991477   0.744146
23  5.29887 -5.59976  87.1214   0.116992   0.674855 -0.0917101   0.722823
24  8.04617 -6.39633  87.1162   0.122306   0.683702 -0.0890992   0.713901
25  13.2848 -8.04524  87.2806   0.125002   0.682546 -0.0850874   0.715029
26  19.3563 -9.99377  87.6646   0.118071   0.674665 -0.0964555   0.722207
27   24.023 -11.5419  88.0225  0.110012  0.675942 -0.101468  0.721599
28  27.9251 -12.7868  88.2782  0.103213  0.683916 -0.104897  0.714565
29 31.7424 -14.021 88.3652  0.103094  0.701165 -0.104656  0.697701
30  34.7747 -14.9997  88.2772  0.103834  0.716749 -0.105335  0.681464
31  38.4207 -16.1865  87.9862   0.10664  0.732918 -0.104395  0.663748
32  42.5816 -17.4535  87.4947  0.110006  0.739888 -0.100032  0.656093
33  46.5752 -18.7198   87.152  0.109415  0.720053 -0.107817  0.676703
34  50.8398 -20.1176  87.7903 0.0805138  0.598174 -0.130024  0.786638
35  52.1157 -20.4614  88.4422 0.0736999  0.521824 -0.141517  0.837998
36   53.415 -20.8533  89.6403 0.0601383  0.400885  -0.15892  0.900233
37  54.5665 -21.2078  91.6024 0.0224133  0.248673 -0.167048   0.95381
38  55.2743 -21.3716  94.2557 -0.00380297    0.133575   -0.179366    0.974665
39  55.8944 -21.4491  97.3593 -0.00601597    0.109843    -0.19556    0.974502
40 56.6646 -21.606 100.757 -0.00267412    0.122629   -0.203035    0.971459
41 57.7837 -21.798 105.253 0.00282376   0.125884   -0.20434   0.970768
42  58.623 -21.947 108.818 -0.00508564    0.122313   -0.212095    0.969551
43 59.6725 -22.074 113.452 -0.00571343    0.113925   -0.211147    0.970776
44   60.708 -22.1934  118.329 -0.00432126    0.115946    -0.22663    0.967045
45  61.8431 -22.4088   123.24 -0.00147649    0.121399   -0.224139    0.966965
46  62.8319 -22.5718  127.425 0.00360933   0.123741   -0.23082   0.965089
47  63.9771 -22.8178    132.3 -0.0035478   0.122805  -0.233591   0.964542
48  64.8957 -23.0001  136.237 0.00103883   0.114566  -0.235546   0.965086
49    65.73 -23.1603  140.232 -0.00249757    0.110718   -0.245537     0.96304
50  66.5049 -23.3408  144.233 -0.00700014   0.0989864   -0.245068    0.964414
51  67.3226 -23.4767  149.012 -0.00676523   0.0823184   -0.251628    0.964293
52  67.9016 -23.5482   153.94 -0.0144963  0.0586602  -0.262589   0.963014
53  68.2042 -23.4947  157.329 -0.0215098  0.0472253   -0.26746   0.962171
54  68.4897 -23.4114  161.534 -0.0241583  0.0395771  -0.278176    0.95941
55  68.7779 -23.3103  165.683 -0.0219724  0.0249484  -0.275081   0.960846
56  68.9271 -23.1832  169.061 -0.0312189  0.0136651  -0.267563   0.962937
57  68.9848 -22.9802  173.243  -0.0347934 -0.00174979   -0.265991    0.963346
58  68.9083 -22.7331  176.553  -0.0288328 -0.00962392   -0.275506    0.960819
59   68.846 -22.5104  179.958  -0.0367681 -0.00886557   -0.272164    0.961507
60  68.7348 -22.1804  185.041 -0.0329263 -0.0140204  -0.264205   0.963802
61  68.5645 -21.9369  188.394 -0.0298045 -0.0145909  -0.268793   0.962626
62  68.4023 -21.7442  190.923 -0.0341031 -0.0124344  -0.274974   0.960766
63  68.3329 -21.6029  193.322 -0.0299191 -0.0143062  -0.279767   0.959495
64  68.2608 -21.4499  195.717 -0.0398134 -0.0134801  -0.282287   0.958409
65  68.2058 -21.3002  197.975 -0.0355494 -0.0143301  -0.286096   0.957434
66  68.1471 -21.0816  202.079  -0.0323694 -0.00454698   -0.291727    0.955943
67   68.243 -20.9044  207.228 -0.0213375  0.0203667  -0.296636   0.954535
68  68.4366 -20.8057  211.744 -0.0224773  0.0261403  -0.307335   0.950977
69  68.5555 -20.7058  215.762 -0.0300211  0.0192142  -0.315137   0.948377
70  68.6792 -20.5448  219.879 -0.0288381  0.0110854  -0.311694    0.94968
71  68.7707 -20.4569  223.362 -0.0283326 0.00860383  -0.305448   0.951748
72  68.8276 -20.3676  226.907 -0.0291345 0.00754749  -0.303266   0.952431
73  68.8156 -20.3565  228.935 -0.0225076 0.00529558  -0.307868   0.951148
74  68.8694 -20.2833  231.523 -0.0329328 0.00798046  -0.304389   0.951945
75  68.8511 -20.0509  235.297 -0.0419538 -0.0321445  -0.291212   0.955197
76  68.3674 -19.5976  238.083 -0.0716318  -0.132043  -0.291434   0.944722
77    67.02 -18.5021  240.557 -0.126846 -0.308737 -0.305678  0.891713
78 66.3849 -17.723 241.299 -0.151802   -0.3833 -0.310139  0.856651
79 65.8867 -17.211 241.708 -0.164288 -0.432414 -0.307037  0.831719
80  65.6235 -16.9409  241.904 -0.168611  -0.45758 -0.303346   0.81864
81  65.3342 -16.6772   242.05 -0.172036 -0.482408  -0.29836  0.805399
82  64.3821 -15.8533  242.411 -0.188828 -0.551805 -0.279447  0.762735
83  62.5059 -14.3721  242.545 -0.215516  -0.63029  -0.25894  0.699454
84  60.9017 -13.1215  242.476 -0.225889 -0.663059 -0.244918  0.670329
85  58.6656 -11.3295  242.142 -0.225944 -0.673688  -0.24186  0.660755
86   54.792 -8.25681  242.036 -0.222623 -0.672758 -0.241612  0.662917
87  50.8844 -5.14449   241.99 -0.221281 -0.669345 -0.245023  0.665564
88  48.1259 -2.91148  241.956 -0.219023  -0.66887 -0.250891  0.664601
89    44.653 -0.134345   241.919 -0.222472 -0.671606  -0.25293  0.659908
90 41.9362 2.06462 241.845 -0.216747 -0.677244  -0.25322  0.655928
91 39.2372 4.20155 241.754 -0.206817 -0.681744 -0.257076  0.652966
92  36.537 6.30286 241.685 -0.201583 -0.680534 -0.261885  0.653953
93  33.862 8.38882 241.685 -0.202217 -0.677538 -0.261478  0.657024
94 30.5357 10.9169 241.644 -0.204001 -0.676063 -0.267297  0.655648
95 26.6505 13.7822 241.495 -0.199263 -0.685462 -0.269349  0.646442
96 24.1038 15.6936 241.346 -0.198219 -0.690915 -0.276827   0.63774
97 21.6606 17.5466 241.167 -0.192764  -0.69379 -0.284396  0.632942
98 17.8836 20.5431 240.912 -0.187174 -0.690917 -0.292148  0.634231
99 14.6066 23.1314 240.853 -0.184212 -0.682883 -0.295027  0.642414
100 12.0064 25.1421 240.917 -0.183221 -0.670422  -0.30243  0.652304
101 6.63037 29.0681 241.857 -0.145116  -0.58155 -0.313448   0.73654
102 3.98939 30.6665 244.473 -0.050952 -0.326231 -0.349103  0.876986
103 3.04187 30.9416 247.013 0.0111392 -0.158301 -0.353191  0.921994
104 2.55347 30.8422 249.739  0.0504363 -0.0602196  -0.355706   0.931291
105 2.17802  30.407 253.589  0.0676135 -0.0155519    -0.3545   0.932479
106 1.88936  29.871 257.191   0.0693579 -0.00700686   -0.358573    0.930895
107 1.50881 29.1889 262.025 0.0732434 -0.010694 -0.364236   0.92836
108 1.12906 28.5989 266.377   0.0645252 -0.00652153   -0.370271    0.926657
109 0.714267  27.9932  270.994   0.072493 -0.0116286  -0.376493   0.923506
110 0.279512  27.3473  275.937   0.0676892 -0.00818869   -0.382413    0.921473
111 -0.0820972    26.7787    280.004   0.0677228 -0.00939714   -0.386884     0.91959
112 -0.45089  26.2089  284.183  0.0702156 -0.0143468  -0.392444    0.91698
113 -0.853181   25.7022   288.339  0.0654706 -0.0145891  -0.401048   0.913598
114 -1.33773  25.1161   293.49  0.0663175 -0.0158638   -0.40793   0.910463
115 -1.75444  24.6083  297.583  0.0670011 -0.0155583  -0.414738   0.907337
116 -2.15377   24.112  301.622  0.0628252 -0.0121373  -0.424003   0.903397
117 -2.53979  23.6271  305.605 0.0685856 -0.013841 -0.433626  0.898372
118 -3.04993  23.0386  310.608  0.0677812 -0.0123586  -0.441777   0.894475
119 -3.44493  22.5267   314.66  0.0682877 -0.0114338  -0.447166   0.891767
120 -3.84692  21.9821  318.746  0.0687532 -0.0104252    -0.4514   0.889608
121 -4.28315  21.4108  322.957  0.0683548 -0.0103793  -0.456158   0.887209
122 -4.70742  20.8339  327.206   0.0650881 -0.00832123   -0.459942    0.885521
123 -5.15061  20.2476  331.341    0.065971 -0.00973736    -0.46224    0.884244
124 -5.57154   19.729   335.44   0.0631775 -0.00894207   -0.462112    0.884523
125 -5.97356  19.2366  339.407  0.0632485 -0.0103336  -0.461757   0.884688
126 -6.44243  18.6484  344.242  0.0598835 -0.0118021  -0.460331   0.885647
127 -6.81234  18.2174  349.046  0.0607955 -0.0140446  -0.463872   0.883702
128 -7.20353  17.8227   353.48  0.0647725 -0.0136965  -0.466417   0.882084
129 -7.84476   17.089   360.08  0.0695029 -0.0074272  -0.463389   0.883394
130 -8.43884  16.5838  365.751  0.0584105 -0.0370645   -0.46773    0.88116
131 -9.72566    17.46  370.195 -0.0715013  -0.246844  -0.480643   0.838414
132 -11.0727   19.347  372.319 -0.178729  -0.42148 -0.447316  0.768322
133 -12.396 21.3498  373.21 -0.245832 -0.549036 -0.411014  0.684977
134 -13.2861  22.8019  373.344 -0.270496 -0.604338 -0.409635   0.62754
135 -14.5575  24.9071  373.345 -0.288139 -0.636708 -0.408395   0.58719
136 -16.2302  27.6564  373.323  -0.27838 -0.649097 -0.400327   0.58388
137 -18.132 30.6311 373.323 -0.272476 -0.648247 -0.408467  0.581969
138 -19.7646   33.196  373.353 -0.263296 -0.644093 -0.420014  0.582588
139 -22.4629  37.4395  373.515 -0.259032 -0.636987 -0.428394  0.586198
140 -24.3549  40.4588  373.689 -0.253433 -0.634793 -0.433858  0.587007
141 -26.3155  43.5661  373.885 -0.250248 -0.635632  -0.43566   0.58613
142 -27.7973  45.8834  374.031 -0.247187 -0.637511 -0.440763  0.581555
143 -29.2511  48.1614  374.162 -0.243559  -0.63974 -0.444972  0.577417
144 -31.6535  52.0003  374.367  -0.24498 -0.643943 -0.449202  0.568805
145 -33.9948  55.8084  374.487 -0.240098 -0.650265 -0.450242  0.562841
146 -36.3438  59.6033  374.598 -0.231645 -0.649846 -0.457421  0.561076
147 -38.6871  63.4451  374.805 -0.224133 -0.642297 -0.465783  0.565919
148 -40.5337   66.466  375.053 -0.214523 -0.638428 -0.468666  0.571613
149 -42.8761  70.1799  375.484 -0.208691 -0.630974 -0.475225  0.576612
150 -45.0707  73.5738   375.92 -0.207005  -0.62879 -0.473173  0.581274
151 -47.622 77.5877 376.398 -0.212064 -0.634534 -0.470926  0.574999
152 -50.7547  82.5864  376.665 -0.217834 -0.658835 -0.462853  0.551591
153 -53.2764  86.8099  376.607 -0.213348 -0.670321 -0.465717  0.536899
154 -55.3547  90.4473  376.576 -0.214267 -0.663146  -0.48233   0.53074
155 -56.8065  93.0538  376.614 -0.196994  -0.66724 -0.480254  0.534172
156 -58.0157  95.1803  376.667 -0.200172 -0.656027 -0.494097  0.534255
157 -60.7017  99.6119  376.947 -0.178882 -0.655632 -0.497801  0.538834
158 -63.8025  104.307  377.442 -0.168984 -0.644306  -0.49836  0.554934
159 -67.0732  109.212  378.123 -0.164185 -0.642204 -0.497934  0.559177
160 -68.7104  111.688  378.443 -0.163841 -0.643714 -0.502539  0.553392
161 -70.8896  114.962  378.844 -0.164896 -0.650134 -0.495998  0.551472
162 -73.0514  118.234  379.168 -0.160631 -0.654582 -0.500271  0.543552
163 -75.194 121.479  379.46 -0.160866  -0.65616 -0.502773  0.539255
164 -77.2893  124.689  379.704 -0.160681 -0.659778  -0.50565  0.532159
165 -78.8946   127.11  379.858 -0.159514 -0.661589 -0.507952  0.528053
166 -81.4704  131.061  380.129 -0.159752 -0.660351 -0.513507  0.524144
167 -83.9925  134.947  380.416  -0.15269 -0.661802 -0.512877  0.525035
168 -86.937 139.456 380.798 -0.152989 -0.658047 -0.516228  0.526382
169 -89.2055  142.907  381.113 -0.150922 -0.658692 -0.514233  0.528121
170 -91.5222  146.439  381.399 -0.154401 -0.660609 -0.511747  0.527135
171 -94.2618  150.866  381.595  0.171012  0.682278   0.50565 -0.499569
172 -96.1698  155.398  380.496  0.282268  0.777642  0.453974 -0.330917
173 -96.2396  157.791  378.756  0.356237  0.831901  0.392977 -0.163111
174 -95.5691  159.768   376.24   0.419601   0.848767   0.321749 0.00261919
175 -94.4722  161.064  373.718  0.433983  0.849969  0.290289 0.0703118
176 -93.1851  162.298  370.906  0.445578  0.849662  0.265045 0.0963621
177 -91.6527  163.489  367.724 0.443907 0.850672 0.258029 0.112804
178 -89.9152   164.75  364.317 0.442561 0.850023 0.256302 0.126133
179 -88.4141  165.729  361.419 0.439188 0.853288 0.250593 0.127344
180 -87.6497  166.256  359.882 0.435987 0.853939 0.253752 0.127724
181 -86.495 167.093 357.554 0.429139  0.85659 0.256811  0.12705
182 -85.6512  167.695  356.005 0.422348 0.859237 0.259342 0.126793
183 -83.9681  168.958  352.886 0.413599 0.861254  0.26641 0.127296
184 -82.2867  170.249  349.788 0.407362 0.865156 0.265272 0.123257
185 -80.7018  171.539  346.692 0.399424 0.869569 0.263883 0.121148
186 -79.049 172.866 343.547 0.386882 0.874363  0.26716 0.120159
187 -77.0497  174.663  339.526 0.387708 0.873144 0.271424 0.116756
188 -75.0749  176.341  335.622 0.380912 0.878797 0.262547 0.117008
189 -73.9088  177.371  333.274 0.378303 0.879624 0.263204 0.117779
190 -72.7438  178.408  330.892 0.373387  0.88167 0.264615 0.114976
191 -71.2832  179.793  327.786 0.369569 0.884024 0.263766 0.111124
192 -69.8421  181.176  324.703 0.367505 0.885256 0.262511 0.111129
193 -68.0313   182.85  320.852 0.368438 0.885331 0.257085 0.119791
194 -66.8763   183.86  318.493 0.364686 0.884838 0.262072 0.124029
195 -65.7067  184.915  316.131  0.36809 0.886504 0.252937  0.12101
196 -64.4437  185.958  313.716 0.361037 0.887295 0.258959 0.123692
197 -62.831 187.451 310.414 0.358273 0.889584 0.257598    0.118
198 -61.202 188.958 307.086 0.354112 0.891041 0.259227 0.115982
199 -59.5817  190.423  303.751 0.353492 0.890926 0.258445 0.120415
200 -58.3252  191.512  301.313 0.350912 0.893544 0.252648 0.120866
201 -57.0828  192.576  298.843   0.3462  0.89581 0.249862 0.123448
202 -55.0913  194.311  294.577 0.345314  0.89979 0.235642 0.124932
203 -53.9132  195.312  292.009 0.342615 0.897385 0.245322 0.130891
204 -51.9768      197  287.795 0.340915 0.898929 0.243732 0.127663
205 -50.4149  198.357  284.442 0.340351 0.898932  0.24628 0.124208
206 -48.8984  199.783  281.224 0.335111 0.901674 0.244368  0.12235
207 -47.4736  201.141    278.1  0.33772 0.899559  0.24886  0.12169
208 -46.1052  202.406    275.1 0.337143 0.901496 0.243621 0.119532
209 -44.7949  203.586  272.203 0.326545 0.906167  0.24315 0.114484
210 -43.3828  205.059  268.767 0.321083 0.907939 0.246651 0.108243
211 -42.4189  206.109  266.289 0.319404 0.909088  0.24643 0.103987
212 -40.6685  207.789  262.046  0.33145 0.905071 0.231571 0.131768
213 -38.6122  208.429  259.044  0.35659  0.87376 0.162879  0.28785
214 -36.6208  208.191  257.271 0.377499  0.81586 0.105409 0.425154
215 -34.8909  207.605  256.266   0.38533  0.761374 0.0515004  0.518824
216 -32.546 206.387 255.487   0.386533   0.683056 -0.0098524   0.619621
217 -29.4712  204.212  255.314  0.377088  0.610209 -0.063514  0.693841
218 -25.5917  201.152  255.417   0.376128   0.588068 -0.0794521   0.711612
219 -21.9823   198.22  255.565   0.374371   0.582697 -0.0799462   0.716882
220 -18.1612  195.022  255.824   0.375317   0.579743 -0.0858124   0.718102
221 -14.7734  192.223  256.077   0.375446   0.574825 -0.0848074   0.722098
222 -11.343 189.304 256.418   0.369167   0.567621 -0.0885813   0.730531
223 -7.98546  186.338  256.856 0.366663 0.561605 -0.10257   0.7346
224 -4.64484  183.372   257.34  0.357317  0.563845 -0.110848  0.736286
225 -1.43524  180.501  257.793  0.352668   0.57093 -0.123535  0.731029
226 1.57815 177.803 258.161  0.34751 0.577821 -0.12577 0.727696
227 4.87279  174.95 258.437  0.351385  0.589207 -0.123607  0.716997
228 8.20631 172.074 258.593  0.358694  0.602533 -0.120307  0.702722
229  11.487 169.312 258.667  0.350051  0.602027 -0.114558  0.708452
230 14.1529 167.119 258.985  0.361708  0.558569 -0.134571  0.734206
231  16.333 164.715 259.765  0.337723  0.480037 -0.174718  0.790557
232 17.7177 162.798 261.029  0.315854  0.374254 -0.219193  0.843874
233    18.4 161.399 262.349  0.294041  0.277929 -0.252473   0.87895
234 18.8897 159.341  265.09  0.239165  0.121356 -0.298917  0.915817
235 18.4253 157.223 269.725    0.1983 0.0327698 -0.346163  0.916392
236 18.5317 154.738 274.155  0.241654  0.166104 -0.292488    0.9102
237 19.5258 152.923 275.825  0.292374  0.352689 -0.242294  0.855232
238 20.6247 151.569 276.549  0.318889  0.460194 -0.209376  0.801682
239 22.3887 149.764 277.031  0.339792  0.541754 -0.172364  0.749223
240 24.9534 147.282 277.405  0.352828  0.577762 -0.160816  0.718221
241 27.6146 144.713 277.699  0.34783 0.583578 -0.15953 0.716241
242 30.1818 142.289 277.961   0.34889  0.589013 -0.163314    0.7104
243 32.3935 140.184 278.163  0.346653  0.594282 -0.162922   0.70719
244 34.7723 137.954 278.336  0.346482  0.598321 -0.162941  0.703855
245 36.5753 136.263 278.448  0.346356  0.601443 -0.168223  0.700003
246 38.3888 134.472 278.553  0.342329  0.606708 -0.174553  0.695879
247  40.899  132.02 278.685  0.337542  0.606642 -0.173871  0.698442
248 43.3976 129.571 278.834  0.334716  0.603935 -0.181434  0.700221
249 45.2193 127.742 278.962  0.329665  0.604944 -0.186841  0.700325
250 47.6862 125.335 279.173  0.321533  0.605565 -0.186566  0.703634
251 50.7044 122.384 279.425  0.320269   0.60606 -0.190065  0.702847
252 53.1107 120.041 279.626   0.32149  0.605934 -0.192566  0.701717
253  54.832 118.352 279.747  0.316425  0.606669 -0.194911  0.702736
254 57.7373 115.519 279.995  0.315193  0.604936 -0.196801  0.704255
255 60.4855 112.822 280.288  0.311255  0.604429 -0.199527  0.705674
256 63.1172 110.381 280.638 0.308879 0.605765 -0.20677 0.703484
257 65.6294 107.986 280.953  0.307399  0.609149 -0.204676   0.70182
258 68.7005 105.156 281.214   0.30936   0.61831 -0.205529  0.692638
259 72.8807 101.225 281.007  0.327109  0.660745 -0.176979  0.651992
260 75.1127 99.2892 280.218  0.348946  0.729672 -0.140815  0.570953
261 76.7036 98.0435 278.897   0.368148   0.808759 -0.0917703   0.449394
262 77.8166  97.326 277.428   0.374436   0.862885 -0.0458568    0.33634
263 78.9467 96.8684 274.783  0.379492   0.90759 0.0176494  0.178757
264 79.8217  97.048 270.599   0.37364  0.922557   0.06785 0.0683888
265 80.4501 97.5825 266.185  0.368429  0.925232 0.0832096 0.0357921
266 80.9829 98.1346 261.975   0.36726  0.925669 0.0849444 0.0322683
267 81.5678  98.714 257.368  0.367499   0.92591 0.0805525 0.0338575
268 82.1177 99.1392 253.379   0.36436  0.927178 0.0774464 0.0398051
269  82.875 99.6968 248.076  0.358932  0.929017  0.076321 0.0476492
270 83.3743 99.9992 244.789  0.356199  0.929945 0.0756972 0.0509389
271 84.0822 100.405 240.328  0.350602  0.931976 0.0750313 0.0535596
272 84.6166 100.712 236.986  0.347901  0.932972 0.0747717 0.0542007
273 85.3242 101.126 232.445  0.341157  0.935368 0.0761745 0.0538109
274 86.0122 101.603 227.808  0.335904  0.937301 0.0773725 0.0514727
275 86.7108 102.101  223.07  0.331579  0.938689 0.0805218 0.0493333
276 87.4663 102.566 218.181   0.33365  0.938256 0.0800303 0.0441474
277 87.9717 102.963 214.472  0.330784  0.939405 0.0794552 0.0422829
278 88.4975 103.388 210.691   0.32405  0.941634  0.080833 0.0422222
279 89.1919 103.943 205.566  0.322969  0.942153 0.0792778 0.0418694
280 89.7261 104.337  201.71    0.3209  0.942749 0.0802432 0.0425251
281 90.2455 104.763 197.846  0.317237   0.94402 0.0794343 0.0433287
282 90.7904 105.156  193.98  0.313295  0.945199 0.0804351 0.0444334
283 91.4945 105.698 188.886  0.309302  0.946423 0.0805892 0.0460552
284 92.0099 106.088 185.089  0.306309   0.94734 0.0805168 0.0473092
285 92.7358 106.621 180.073  0.301381  0.948555 0.0835455 0.0493309
286 93.4881 107.168 175.112  0.298576  0.949359 0.0838263 0.0504358
287 94.0894 107.555 171.355  0.297044  0.949689 0.0854435  0.050555
288  94.803 108.066 166.568  0.293792  0.951014 0.0828023 0.0490073
289 95.3284 108.408 163.119  0.292068  0.951579 0.0834829 0.0471571
290 95.9844 108.901 158.735  0.289796  0.952459 0.0831121 0.0439565
291 96.6413 109.374   154.6  0.287919   0.95335 0.0817079 0.0393837
292 97.1489 109.862 150.761  0.285692  0.954108 0.0819277 0.0366757
293 97.7478 110.418 145.742  0.283573  0.954526 0.0853225 0.0344456
294  98.291 110.822 142.244  0.292021  0.951319 0.0765633 0.0620845
295 99.7113 110.772  137.86  0.288591  0.934874 0.0321862   0.20418
296 100.841  110.46 136.134   0.274445   0.912292 0.00256971   0.303968
297 101.904 110.111  135.03   0.266115   0.884495 -0.0227182   0.382537
298 103.832 109.248 133.748   0.255277   0.819063 -0.0674406   0.509334
299 105.931 108.153 133.123  0.238395  0.746015 -0.110582  0.611884
300 108.622 106.624 132.881  0.229717  0.693936 -0.140757  0.667735
301 111.094 105.139 132.798  0.223863   0.68396 -0.142152  0.679616
302 113.791 103.526 132.674  0.227251  0.682589 -0.140581  0.680196
303 117.444 101.358 132.494  0.23056 0.675681 -0.13744 0.686591
304 123.034 98.0534 132.589  0.221587    0.6478 -0.153505  0.712524
305 128.163 94.9067 132.994  0.209154  0.654683 -0.163529  0.707745
306 131.891 92.6646 133.074  0.211107  0.674844 -0.158097  0.689221
307 135.518 90.4231  132.83 0.216683 0.693277 -0.14969 0.670826
308  138.38  88.643 132.587   0.21858  0.699836 -0.149804  0.663334
309 142.084 86.3424 132.277 0.213165 0.699214 -0.15079 0.665524
310 145.962 84.0029 132.007   0.20332  0.702762 -0.156421  0.663565
311   149.8 81.6589  131.61  0.199459  0.726763 -0.161522  0.637136
312 152.773 79.8763  130.93  0.201146  0.754141 -0.148783  0.607186
313 155.656 78.2024 129.991  0.208828  0.777045 -0.137253  0.577714
314 158.562 76.5672 128.833   0.20331  0.792808 -0.123958   0.56103
315 161.483 74.9649 127.605   0.20939  0.793361 -0.132977  0.555924
316 164.452 73.2782 126.328 0.203389 0.796926   -0.128 0.554218
317 166.713 72.1545 125.371  0.202616  0.805501 -0.129311  0.541658
318 169.701 70.6979 123.844  0.214159  0.818757 -0.131463  0.516228
319  172.89 69.1462 122.095   0.21647  0.826205 -0.128442  0.504013
320 176.042 67.6029 120.327  0.218236  0.827087 -0.130171  0.501353
321 179.104 65.9411 118.543  0.215174  0.832238 -0.132473  0.493489
322 182.684 63.8167 116.115  0.214642  0.847885 -0.123827  0.468708
323  186.01 61.8137  113.44  0.219783  0.864574 -0.116814  0.436534
324  187.92 60.6979 111.722  0.220684  0.874035 -0.111633   0.41821
325  190.35 59.2814 109.336  0.224527  0.878941 -0.107452  0.406823
326 194.253 57.0288 105.666  0.225065  0.873235 -0.108864  0.418277
327  197.98 54.7636 102.311  0.226326  0.870943 -0.115427  0.420608
328 201.031 52.8153 99.3942 0.216251 0.881209 -0.11027 0.405644
329 203.323 51.3704 97.1382  0.211423  0.883227 -0.107899  0.404436
330 205.821 49.8943 94.8507  0.201687  0.877581 -0.108393  0.421218
331 208.625 48.3532 92.5491  0.185079  0.875449 -0.126824  0.428078
332 210.971 46.9333 90.6026  0.17829 0.875844 -0.12423 0.430903
333 214.004 45.2282 87.9845  0.178903  0.877348 -0.120726  0.428578
334 217.321 43.4798  85.207  0.167006  0.882193 -0.121857  0.423078
335 220.111 42.0656 82.8818  0.156906  0.885144 -0.126041  0.419541
336 222.878 40.6416 80.5578 0.154715 0.883949 -0.12927 0.421884
337 224.914 39.5909 78.8303  0.159482  0.880304 -0.130254  0.427392
338 226.938 38.5585 77.1813  0.151623  0.882467 -0.131073  0.425538
339 228.959 37.5506 75.5314  0.143168  0.885714 -0.135111  0.420427
340 231.559 36.2651  73.317  0.140572  0.887466 -0.146835  0.413622
341 234.138 34.9814 71.1034  0.139618  0.888628 -0.144439  0.412291
342 236.065      34 69.4656  0.135825   0.88846 -0.154012  0.410452
343 238.504 32.7082 67.3662  0.134635  0.889842 -0.155831  0.407151
344 240.678 31.4362 65.3883  0.135874  0.894163 -0.151288  0.398902
345 243.402 29.8147 62.7914  0.143175  0.895461 -0.159521  0.390132
346 246.239 28.1235 60.5007   0.13995  0.851541 -0.165869  0.477261
347 249.432 26.4562 59.2831   0.11069   0.76877 -0.190808  0.600277
348 252.146 25.2232 59.0707 0.0778493  0.727429 -0.201476  0.651301
349 254.433 24.2305 59.0294 0.0646274  0.719603 -0.215249   0.65701
350 256.854 23.1633 58.9164 0.0611608  0.726112 -0.214508   0.65039
351  259.97 21.7473 58.6611 0.0646036  0.735506 -0.221388   0.63706
352 262.593 20.5391 58.3868 0.0599965  0.743105 -0.226279  0.626892
353 264.594 19.6061 58.1514 0.0574965  0.744918 -0.227775  0.624428
354 266.649 18.6511 57.9176 0.0523354  0.744075 -0.229386  0.625296
355 268.721 17.7201 57.6818 0.0444289    0.7443 -0.232029  0.624665
356 271.513 16.4442  57.349 0.0452672  0.742377 -0.236289  0.625295
357  273.64 15.4735 57.1277 0.0407449   0.74432 -0.238228  0.622555
358 275.036 14.8229 56.9829 0.0364512  0.745333 -0.246107  0.618531
359 277.118 13.8297 56.7038 0.0374119  0.747303 -0.249482  0.614733
360 281.578 11.7273 56.1172 0.0359594  0.749664   -0.2445  0.613947
361 285.371 9.95266 55.6605 0.0313082  0.747591 -0.246548  0.615907
362 289.182 8.19613 55.2527 0.0256599  0.744681 -0.254514  0.616453
363 293.765 6.10161 54.7584 0.0169393   0.74802 -0.260221  0.610299
364 296.892 4.67909  54.389 0.0165273  0.748262 -0.262507  0.609033
365 300.088 3.20162 54.0035 0.0137086  0.748408 -0.261354  0.609419
366 303.332 1.73516 53.6602 0.00524568   0.749201  -0.270242   0.604681
367  305.698 0.640948  53.3089 0.00321005   0.751325  -0.269957   0.602182
368   308.888 -0.870145   52.8368 0.003663 0.751896 -0.27405 0.599612
369  310.508 -1.63146  52.5933 -0.00399311    0.753563   -0.275338    0.596922
370  313.595 -3.16885   52.089 -0.000173522     0.750513    -0.283795     0.596817
371 315.981  -4.384 51.6515 -0.00213874    0.748437   -0.278965    0.601678
372  318.319 -5.64024  51.2619 -0.00391808    0.744303   -0.280272    0.606173
373  322.233 -7.53988  50.8474 -0.0044026   0.741267  -0.280204   0.609909
374  325.234 -8.98173  50.5841 -0.00877121    0.740381   -0.275169    0.613222
375  328.171 -10.3411  50.3871 -0.0154857   0.741116  -0.272536   0.613377
376  330.205 -11.2356   50.213 -0.0161569   0.740938  -0.276419   0.611835
377  333.431 -12.6891  49.8431 -0.0117104   0.745296  -0.278748   0.605554
378 336.295 -14.059 49.3971 -0.00289366    0.761875   -0.275674    0.586124
379  338.821 -15.3073  48.8441 0.0105706  0.779625 -0.266337  0.566691
380  341.836 -16.8975  47.9591  0.025063  0.789631 -0.263447   0.55358
381 344.793 -18.235 47.7044 -0.0135747   0.712038  -0.268122   0.648789
382  346.403 -18.7092  48.2674 -0.066933  0.591898 -0.269362  0.756717
383  348.186 -18.6764  49.5713 -0.119059  0.406598 -0.258653  0.868102
384  349.591 -18.2217  51.5184 -0.168174  0.250637 -0.248398  0.920433
385 351.331 -16.966 55.3243 -0.193766  0.139505  -0.23469  0.942292
386  352.646 -15.2232  59.7438 -0.206233  0.084045 -0.228898  0.947634
387  353.793 -13.3679   64.252 -0.202817 0.0717306 -0.235486  0.947769
388  354.661 -12.0328  67.5764 -0.204103 0.0776532 -0.235384  0.947052
389  355.623 -10.6884  71.0017 -0.198358 0.0825491 -0.234492  0.948079
390  356.642 -9.31713  74.5796 -0.200584 0.0864832  -0.23477   0.94719
391   357.62 -7.99217  78.2302 -0.194486 0.0845692 -0.240322  0.947243
392  358.842 -6.26811  82.9239 -0.202271 0.0839328 -0.249242  0.943356
393 359.829 -4.8543 86.6413 -0.206361 0.0811107 -0.257053  0.940617
394  360.827 -3.50361    90.31 -0.199944 0.0793424 -0.259123  0.941585
395  362.107 -1.78649  95.0204  -0.20139 0.0828914 -0.270369  0.937801
396   363.458 -0.126893   99.6404 -0.202181 0.0863616 -0.269187  0.937658
397 364.504 1.25382 103.351 -0.208155 0.0814361 -0.274553  0.935233
398 365.454  2.6012 106.988 -0.204028 0.0744464 -0.282038  0.934497
399  366.43 3.98439   110.7 -0.203596 0.0721349  -0.29083  0.932075
400  367.67 5.65634 115.336 -0.202153 0.0757097 -0.291462  0.931908
401 369.219 7.69393 120.851 -0.197964 0.0783218 -0.295643  0.931274
402 370.304 9.03223 124.503 -0.204494 0.0861542 -0.298436  0.928276
403 371.443 10.3464 128.184 -0.195852 0.0912254 -0.304326  0.927742
404 372.939 11.8657 132.699 -0.195548   0.10773 -0.303026  0.926461
405 374.225  12.999 136.205 -0.190015  0.114021 -0.308907  0.924916
406 375.448 14.0503 139.674 -0.189555  0.115457  -0.31231  0.923689
407 376.693 15.1279 143.179   -0.1929  0.111274 -0.307516  0.925117
408 377.534 15.8261 145.786 -0.188973  0.104536 -0.307132  0.926839
409 378.668 16.8329 149.191 -0.200268  0.107977 -0.294733  0.928098
410 379.992 18.1537   153.2  -0.19395  0.111201 -0.297516  0.928172
411 381.793 19.6563 158.258 -0.185046  0.135895 -0.304849  0.924314
412 384.669 21.2897 164.793 -0.170254  0.160166 -0.317977  0.918831
413 386.268 22.8203 169.532 -0.201531 0.0485976 -0.290882   0.93403
414  386.25  24.285 172.252 -0.249937 -0.097381 -0.259714  0.927684
415 385.338 26.3111 174.649  -0.30024 -0.264799 -0.220084  0.889551
416 383.855 28.2979 176.128 -0.327211 -0.387804 -0.182393  0.842184
417 380.813 31.5986 177.823 -0.333603 -0.462107 -0.171512  0.803586
418 377.829 34.7662 179.418 -0.323993 -0.462467 -0.181635  0.805085
419 374.066 38.8412 181.652 -0.317762 -0.455323 -0.191122  0.809432
420 370.586 42.7054 183.824 -0.317849 -0.452299 -0.197669  0.809521
421 367.601 46.0208 185.764 -0.311929 -0.442573 -0.207428  0.814741
422 364.188 50.0037 188.381 -0.306031  -0.41675 -0.216629  0.828092
423 362.034 52.6574 190.262 -0.307415 -0.403419  -0.21519  0.834531
424 359.356 56.0054 192.597 -0.314486 -0.408099  -0.20798  0.831443
425 355.936 60.1158 195.222 -0.316353 -0.428377 -0.199333  0.822606
426 352.959 63.5504 197.281 -0.325932 -0.441098 -0.187574  0.814873
427 349.284  67.652 199.534  -0.33153 -0.452539  -0.18566  0.806738
428 346.228 71.0373 201.286 -0.323394 -0.455351 -0.188646  0.807765
429 343.788 73.6896 202.709 -0.314219 -0.454123 -0.199611   0.80944
430 341.436 76.3299  204.19 -0.317166 -0.451876 -0.206524  0.807813
431 338.588 79.4912 205.939 -0.311229  -0.45693  -0.21331  0.805513
432 336.978  81.323 206.938 -0.314741  -0.45782 -0.216233  0.802858
433 334.392 84.2024   208.5 -0.313107 -0.462103 -0.217082  0.800812
434 331.107 87.7681 210.391 -0.308724 -0.469473 -0.224485  0.796173
435 327.078 92.2215  212.81  -0.30439 -0.455385 -0.232312  0.803743
436 323.593 96.5052 216.084  -0.26062 -0.381037 -0.264866  0.846601
437 321.409 99.0712 218.304 -0.276487 -0.399534 -0.268844  0.831655
438 318.738 102.045 220.554 -0.289272 -0.431619 -0.247214  0.817871
439 315.124 106.052 223.156 -0.311192 -0.448461 -0.234698  0.804338
440 311.732 109.997 225.467 -0.302504 -0.455512 -0.239485  0.802277
441 307.561 114.742 228.251 -0.305083 -0.453603 -0.246631  0.800213
442 303.966 118.993 230.734 -0.309146 -0.452841  -0.24688  0.799008
443 300.379 123.123 233.134 -0.306701 -0.456161  -0.24389   0.79898
444 297.045 127.273 235.306 -0.308185  -0.46943 -0.243086  0.790928
445 293.332 131.374 236.802  -0.32731  -0.56186 -0.213971  0.728971
446  290.19 134.456 236.563 -0.342781 -0.656342 -0.187873  0.645306
447 286.469 138.048 235.687 -0.346999 -0.677568 -0.186178  0.621153
448 283.757 140.653 235.077 -0.346979 -0.676441   -0.1832  0.623274
449 280.776 143.524 234.441 -0.339026    -0.673 -0.181156  0.631914
450 278.162 145.947 233.963 -0.341504 -0.665655 -0.187687  0.636437
451  273.96 149.845 233.331 -0.337062 -0.663461 -0.177856  0.643876
452 270.992 152.575 232.833 -0.340447 -0.664636  -0.19361  0.636294
453 267.998 155.321 232.294 -0.333909 -0.670095 -0.186091  0.636277
454 266.467 156.673 232.025 -0.335633 -0.671305  -0.19207  0.632305
455 263.557 159.365 231.437 -0.330016 -0.674384 -0.193972  0.631404
456 261.365 161.367  231.01  -0.33112 -0.673867  -0.19962  0.629615
457 259.228 163.329 230.591 -0.326163 -0.673993  -0.20077  0.631698
458 256.425 165.932  230.12 -0.323903 -0.672845 -0.197375  0.635146
459 254.305 167.806  229.54 -0.324311 -0.667187 -0.202529   0.63927
460 251.457 170.328 228.956 -0.327264 -0.663009 -0.200893  0.642619
461 249.374 172.184 228.479 -0.331126 -0.660235 -0.201965   0.64316
462 247.977 173.397 228.182 -0.333942 -0.659679 -0.203777  0.641702
463  245.94 175.123 227.818 -0.334719 -0.660928 -0.204039  0.639926
464 244.028 176.855 227.464 -0.332781 -0.662123 -0.205896  0.639106
465 241.844 179.074 227.141 -0.330174 -0.661686 -0.209507  0.639737
466 238.883 181.872 226.931 -0.322928 -0.642162 -0.221663  0.658947
467  235.95 184.733 227.437 -0.300095 -0.574729 -0.252455  0.718259
468 233.684 187.071 228.618 -0.246223 -0.468717  -0.30034  0.793394
469 232.219 188.727 230.597 -0.203097 -0.341767 -0.333315  0.854896
470 231.389 189.875 232.744 -0.151022 -0.248935 -0.348788  0.890826
471 230.857 190.855 235.859 -0.107971  -0.13205  -0.35881  0.917693
472 230.755 191.307 237.913  -0.077784 -0.0768902   -0.36214   0.925685
473 230.696 191.768 240.855 -0.0611068 -0.0300485   -0.35708   0.931588
474 230.737 192.105 243.818  -0.0579364 -0.00821354   -0.349934    0.934945
475 230.854 192.493 247.812  -0.0567181 -0.00571231   -0.344247    0.937147
476 230.947 192.673  250.09 -0.0480698 -0.0107003     -0.339   0.939497
477 231.007 192.941 253.384  -0.054509 -0.0125694  -0.332277   0.941521
478  230.99  193.24 256.025 -0.0633398  -0.012356  -0.345791    0.93609
479 230.984 193.564 258.674  -0.057268 -0.0161466  -0.356173   0.932524
480 230.982 193.895 261.474 -0.0571462 -0.0156571  -0.364143   0.929456
481 230.988 194.251 264.389 -0.0628243 -0.0110752  -0.375862   0.924477
482 231.043 194.719 268.349 -0.0535874 -0.0143265  -0.381441   0.922727
483 231.064  195.09  271.43 -0.0639328 -0.0117576  -0.387718   0.919483
484 231.099 195.762 276.674  -0.061027 -0.0149848  -0.391545   0.918011
485 231.101 196.182 279.814 -0.0645524 -0.0133837  -0.398892   0.914625
486  231.14 196.675 284.023 -0.0603808 -0.0162295  -0.401868   0.913561
487 231.148 197.188 288.239 -0.0613565  -0.018212  -0.404965   0.912089
488 231.171 197.584 291.363 -0.0623942 -0.0174979  -0.407645   0.910838
489 231.179  197.97 294.498 -0.0606622  -0.016644  -0.411339   0.909309
490 231.226  198.34 297.633 -0.0610076 -0.0162108  -0.414236   0.907978
491 231.238 198.968 302.681 -0.0625748 -0.0145177  -0.416136   0.907031
492 231.243  199.49  306.74  -0.061249 -0.0161906  -0.411626   0.909148
493   231.2 199.914 309.749   -0.06596 -0.0167566  -0.412844   0.908256
494 231.184 200.355 312.709 -0.0687669 -0.0192068  -0.413341   0.907773
495 231.152 200.806 315.689    -0.0636 -0.0256177  -0.409656    0.90966
496 231.109 201.219 318.641 -0.0635783 -0.0338094  -0.410468   0.909027
497 231.016 201.662 321.535 -0.0717807 -0.0380895  -0.414879   0.906241
498 230.914  202.14 324.418 -0.0753477  -0.043207  -0.424894   0.901066
499 230.756 202.826 328.259 -0.0717263 -0.0450317  -0.442834   0.892595
500 230.681 203.122 330.192 -0.0713809 -0.0417005  -0.449993   0.889197
501  230.63 203.415 332.145 -0.0723101 -0.0348431  -0.454991   0.886871
502 230.587 203.849 335.095 -0.0693113 -0.0265399  -0.467556   0.880842
503 230.597 204.071 337.147 -0.0618484 -0.0249497  -0.473295   0.878376
504 230.618  204.53 341.194   -0.06037 -0.0165291  -0.469383   0.880774
505 230.613  204.96 345.282 -0.0568419 -0.0107207  -0.477303   0.876833
506 230.676 205.427 350.308  -0.0578733 -0.00805561   -0.481571    0.874457
507 230.781 205.906 355.318  -0.0615387 -0.00513932   -0.478767    0.875768
508 230.859 206.249 359.123  -0.0623449 -0.00311253   -0.478808    0.875698
509 230.928 206.564 362.738  -0.0605918 0.000824029   -0.481307    0.874455
510 231.038 206.909 366.982 -0.0536204  0.0121732  -0.490609   0.869643
511 231.212 207.094 370.787 -0.054347 0.0228044 -0.489908   0.86978
512 231.582 207.443 376.267 -0.0569235   0.015705  -0.487575   0.871082
513 231.683 208.183 381.594 -0.0811897 -0.0314974  -0.494964   0.864539
514 231.645  209.08 385.921 -0.0860475 -0.0460327  -0.508504   0.855512
515 231.709 209.801 389.927 -0.0756282 -0.0313531  -0.516853    0.85215
516 231.911 210.483 395.241  -0.0547558 -0.00582365   -0.524507    0.849624
517 232.175 210.893 400.101 -0.0542152 0.00998555  -0.525583   0.848954
518 232.442 211.251 404.232 -0.0566674 0.00936426  -0.529516   0.846354
519 232.635 211.578 407.443 -0.0602655 0.00589157  -0.532736   0.844113
520 232.886 212.094 412.704  -0.0641402 -0.00193601   -0.532129    0.844228
521 233.094 212.592 416.913  -0.0675432 -0.00434914   -0.539182    0.839465
522 233.325 213.204 422.096  -0.0668623 -0.00676431   -0.545381     0.83549
523 233.615 213.813  427.24  -0.0675932 -0.00539062   -0.549271    0.832889
524 233.858 214.334 432.277  -0.0677517 -0.00442689   -0.549201    0.832928
525 234.041 214.755 436.156    -0.06641 -0.00595178    -0.55223    0.831021
526 234.237 215.333 440.631 -0.0766295 -0.0144201  -0.551491   0.830528
527 234.308 216.197 446.251 -0.0909362 -0.0354715  -0.553377   0.827192
528 234.227 217.404 451.526   -0.11091 -0.0485577   -0.56627   0.815279
529 234.479   217.7  456.06 -0.0189854  0.0883131  -0.584258   0.806525
530 235.033 216.636 458.385  0.100051  0.261512 -0.560904  0.779094
531 235.746 215.163 459.699   0.18972  0.395711 -0.525578  0.728826
532 236.575 213.363 460.484  0.266632  0.509626 -0.492281  0.653336
533 237.551 211.138 460.893  0.321377  0.575217 -0.467141  0.589594
534 238.801 208.035 461.155  0.338237  0.594077 -0.453226  0.572061
535 239.985 205.069 461.421  0.333862  0.591617 -0.455277  0.575541
536 241.566 201.047 461.829  0.330034  0.586782 -0.462041  0.577307
537 242.752 198.064 462.133   0.32593  0.586295 -0.460177  0.581606
538 244.331 194.119 462.454   0.32875  0.580388 -0.467037  0.580473
539 245.646 190.681 462.736  0.324069  0.585998 -0.461677  0.581756
540 246.701 188.057 462.972  0.326398  0.586619 -0.461113  0.580274
541 247.782 185.372 463.266  0.321949  0.588767 -0.464947  0.577518
542 248.506 183.618 463.485  0.317755  0.590971 -0.468481  0.574727
543 249.199 181.865 463.722  0.315217  0.592024 -0.473446   0.57096
544 250.267 179.158 464.043  0.313807  0.591957 -0.476986  0.568856
545 251.344 176.427 464.364  0.309338  0.595728 -0.474188  0.569705
546 252.789 172.824 464.796  0.310651   0.59743 -0.476859  0.564959
547 254.566 168.325 465.282 0.311374 0.597533 -0.47754 0.563876
548  256.27 163.898 465.859   0.30504  0.600785 -0.483138  0.559094
549 257.312 161.295  466.16  0.305112  0.600808 -0.481689  0.560278
550 259.005 157.114 466.693  0.303822  0.598266 -0.494616  0.552382
551 260.668     153 467.254  0.289998  0.595679 -0.495249  0.561957
552  262.04 149.796 467.834  0.278827  0.583019 -0.509368  0.568232
553 263.706 145.948 468.729 0.262161 0.572471 -0.52137 0.575954
554 265.401 142.111 469.784  0.246999  0.564967 -0.525869  0.585889
555 266.768 139.073 470.737  0.236576  0.552738 -0.533352  0.595019
556  267.74  136.89 471.504 0.230494 0.539491 -0.53803 0.605265
557  268.38 135.463 472.069  0.227973  0.531174 -0.543478  0.608699
558  269.61  132.61 473.231 0.211256 0.528082  -0.5411 0.619444
559 271.292 129.243 474.776 0.200848 0.514389 -0.55142   0.6253
560  272.64 126.565 476.119  0.195434  0.500982 -0.559197  0.630968
561 273.959 124.016 477.538  0.180034  0.490942 -0.566229  0.637141
562 275.378 121.542 479.053  0.167007  0.479321 -0.572692  0.643727
563 277.009  118.59 481.046  0.151036  0.464274 -0.578627  0.653321
564 278.214 116.391  482.67 0.135598 0.455301 -0.57767 0.663786
565 279.878  113.59 485.067  0.120001  0.444956 -0.582332  0.669704
566 281.621 110.566 487.571  0.126768  0.469475 -0.576639  0.656514
567  283.74 106.114 489.422  0.247073  0.590997 -0.535399  0.550478
568 284.709 102.687 489.042 0.354128 0.708237 -0.46562 0.395213
569  285.01 100.495 487.931   0.41213  0.762968 -0.409336  0.283679
570  285.08 98.5911 486.443   0.44339  0.785585 -0.371668  0.219371
571 284.988 95.3454 483.473  0.459883  0.797258 -0.348513  0.177272
572 284.914 93.5301 481.699  0.460487  0.801385 -0.341835  0.169951
573 284.779 90.9278 479.089  0.457936  0.803411 -0.344196   0.16234
574 284.707 89.5295 477.724  0.451266  0.809376 -0.341024  0.158028
575 284.623 88.1373 476.319  0.446082  0.812682 -0.341849  0.153942
576 284.507 86.7103 474.878  0.442678  0.814303 -0.343544   0.15141
577  284.33 84.5774 472.736  0.438538  0.815499 -0.346015  0.151395
578 284.156 82.4462 470.582 0.435004 0.816856 -0.34655 0.153036
579     284  80.354 468.481  0.434935  0.815888 -0.347726  0.155707
580 283.901 78.9515 467.079  0.434936  0.814456 -0.350946  0.155975
581 283.748 76.7669 464.958  0.430832  0.816851 -0.350282  0.156336
582 283.663 75.3308 463.542  0.428341   0.81811 -0.350846  0.155329
583 283.506 73.1799 461.426  0.426494  0.818695 -0.352316  0.153995
584 283.345  71.033 459.337  0.425705  0.819626 -0.351718  0.152588
585 283.157 68.9575 457.343  0.422132  0.821728 -0.351875  0.150837
586 282.996 66.8727 455.309  0.415998  0.825303 -0.350325  0.151965
587 282.777 64.0903 452.595  0.410962  0.825108 -0.355555  0.154556
588 282.643  61.941 450.527  0.408901   0.82442 -0.359279   0.15508
589 282.452 58.9838 447.689  0.40229 0.827314 -0.36117 0.152548
590 282.309 56.6812 445.508  0.398171  0.830694 -0.358503  0.151272
591 282.157 54.4508 443.341  0.398398  0.830808 -0.357659  0.152041
592 282.015 52.1773  441.18  0.394209  0.832065 -0.359426  0.151921
593 281.862 49.9018 439.069  0.391176  0.832531 -0.360935  0.153621
594   281.7 47.6261 437.024 0.387032 0.833351 -0.36361 0.153366
595   281.6 45.3804 434.974  0.382798  0.835884 -0.361923  0.154194
596 281.497 42.4913 432.303  0.380882  0.838566 -0.357801  0.153996
597   281.4 39.8562 429.817  0.381069  0.840989 -0.354266  0.148391
598 281.055  36.104 425.911  0.396387     0.847 -0.337404  0.107831
599 280.053  33.863 422.426   0.446492   0.853632  -0.266789 -0.0279403
600 277.802 33.3679 418.709  0.512004  0.807342 -0.122626 -0.266485
601 276.329 33.9598 417.046   0.527457   0.764418 -0.0472303  -0.367728
602   273.6 35.9658 414.597  0.524392  0.702754 0.0478172 -0.478396
603 271.497 38.1314 413.138 -0.512265 -0.662385  -0.09826  0.537751
604 269.224 40.8961 411.973 -0.506229 -0.620316 -0.131603  0.584484
605 267.316 43.5211 411.265 -0.506803 -0.591043 -0.152467  0.608747
606 264.782 47.2201 410.521 -0.494582 -0.567899 -0.178123  0.633365
607 262.668 50.4882  410.12 -0.486275 -0.554231 -0.183698  0.650092
608 260.432 53.9715 409.785 -0.482832 -0.549927 -0.192889  0.653641
609 258.077 57.6739 409.494 -0.476816 -0.550084 -0.201827  0.655225
610 256.288 60.4581 409.278 -0.471601 -0.551168 -0.210525  0.655351
611 254.513 63.2886 409.119 -0.466999 -0.551265 -0.218458  0.655969
612 251.947 66.9822 409.079 -0.468529  -0.54905 -0.227604  0.653622
613 250.178 69.8849 408.959 -0.465005 -0.548419 -0.232173  0.655059
614 248.409 72.7148 408.903 -0.464421 -0.546586  -0.23642  0.655486
615 247.163 74.5012 408.981 -0.466701 -0.546001 -0.241548  0.652478
616 245.428 77.3115 408.946 -0.467066 -0.544954 -0.246609  0.651198
617  243.79 80.2001  408.85 -0.468372 -0.542594  -0.24817  0.651637
618 242.126 83.1317 408.798 -0.466919 -0.541957 -0.247228  0.653565
619 240.504 86.0124 408.673 -0.468207 -0.540589 -0.248566   0.65327
620 238.912 88.8702 408.534   -0.4666 -0.541269 -0.250433  0.653143
621 236.851 92.5885 408.365 -0.464969 -0.540925 -0.251277  0.654265
622 235.856 94.4182 408.265  -0.46299 -0.541175 -0.252349   0.65505
623 234.358 97.1457 408.144  -0.45946 -0.540123 -0.252876  0.658193
624 232.867 99.8866 408.081 -0.455998 -0.537662 -0.253678  0.662294
625 230.976 103.179 408.127 -0.454766 -0.533306 -0.258555  0.664772
626 228.817 106.981 408.264 -0.453921 -0.528712 -0.257481   0.66942
627 226.576 110.935 408.333 -0.463518 -0.540049 -0.243856  0.658812
628 224.322 114.559 407.866 -0.487554 -0.596119 -0.200302  0.605651
629 222.173 117.129 405.958  0.520728  0.736139 0.0706199 -0.426561
630  220.84  117.92 403.556   0.515797   0.816655 -0.0248709  -0.257699
631 220.099 118.023 401.654   0.499094   0.843883 -0.0784201  -0.180602
632 219.188 117.861 398.987  0.485658  0.858515 -0.103295 -0.128136
633 218.665 117.652 397.228  0.476398  0.864052  -0.11429 -0.115744
634 217.661  117.26 394.023  0.473879  0.865516 -0.121428 -0.107591
635 216.338 116.643 389.608   0.470727   0.867257  -0.131649 -0.0946054
636 214.864 115.846 384.545   0.468969   0.868869   -0.13314 -0.0860666
637 214.097 115.353 381.776   0.461056   0.873856  -0.129922 -0.0832055
638 213.319 114.823 378.903   0.454782   0.876274  -0.132973 -0.0873745
639 212.518 114.327  375.98   0.450791   0.878332  -0.131818 -0.0891282
640 211.681 113.811 373.013   0.443496   0.882039  -0.130544 -0.0909759
641 210.784 113.293 370.028   0.442601   0.882049  -0.133794 -0.0905112
642 209.876 112.727 366.999   0.436156   0.886023  -0.129874 -0.0886759
643 209.279 112.336     365   0.430137   0.888595   -0.13053 -0.0913364
644 208.667 111.978 362.984   0.429421    0.88955   -0.12671 -0.0907903
645 207.493 111.289 358.994   0.421744   0.893175  -0.124819 -0.0937624
646 206.604 110.761 355.976   0.415381   0.896916  -0.118729 -0.0943619
647 205.416 110.122 351.982   0.413489   0.897691   -0.11843 -0.0956701
648 204.219 109.502 347.828   0.415598   0.897043  -0.116219 -0.0953185
649 202.994  108.87 343.587   0.414846   0.896974  -0.118563 -0.0963476
650 201.735 108.214 339.225    0.40972   0.900007  -0.114329 -0.0951093
651 200.509 107.572 334.771   0.407834   0.900581  -0.114053 -0.0980664
652 199.242 106.929 330.357   0.403944   0.901946  -0.115986 -0.0993432
653 198.276 106.431 326.989   0.400862   0.903796  -0.113652 -0.0976982
654 197.033 105.749 322.596   0.393493   0.905985  -0.120208 -0.0995249
655 195.417 104.894  317.15    0.39037     0.9092  -0.110056 -0.0941004
656 193.821 104.095 311.646   0.384744   0.910472  -0.115124 -0.0987892
657 192.548   103.4 307.274   0.376239   0.915627  -0.102744 -0.0975441
658  191.31 102.828 303.019  0.378243  0.913428  -0.11075 -0.101565
659 190.345  102.37 299.836   0.377066   0.914999  -0.104084 -0.0988121
660 189.174 101.808 295.533   0.372499   0.918191 -0.0950586 -0.0955695
661 188.082 101.237 291.403  0.369148  0.917382 -0.106609 -0.103802
662 187.258 100.789 288.336   0.371294    0.91725 -0.0986625  -0.105158
663 186.453 100.408 285.339   0.366503   0.919846 -0.0937529  -0.103775
664 185.929 100.176  283.36  0.364553  0.919423 -0.102751 -0.105855
665 185.668 100.053 282.439  0.363198  0.919612 -0.105413 -0.106256
666 185.436 99.9293 281.539  0.362125  0.919918 -0.106144 -0.106532
667 184.916 99.6841  279.69  0.364186  0.919926 -0.102304 -0.103143
668 184.216 99.4199 277.068 0.360357 0.920301 -0.11082 -0.10444
669 183.151 98.8343 273.078  0.348215  0.925388 -0.108693 -0.102902
670 182.312  98.434 269.509   0.343415   0.926887  -0.113994 -0.0997557
671 181.759 98.1146 267.124    0.33677   0.929946  -0.109899 -0.0985315
672 180.765  97.544 264.174   0.334497   0.928603 -0.0962379  -0.128631
673 180.015 97.4301  262.54   0.346511   0.916842 -0.0742503  -0.183894
674 179.063 97.4814 261.099   0.363152   0.894517 -0.0444907  -0.256867
675 178.006 97.7915 259.807    0.370987    0.866045 -0.00499706   -0.335126
676 176.437  98.577 258.423  0.369315  0.811556 0.0529424 -0.449646
677 173.768  100.49 257.229 -0.343118 -0.713396  -0.12222  0.598663
678 171.074 102.729 256.975 -0.322115 -0.634098 -0.164176  0.683526
679 168.062  105.44 257.293  -0.31471 -0.590828 -0.179995  0.720751
680 164.626 108.624  257.87 -0.305623 -0.573935 -0.182963  0.737372
681 161.347  111.56 258.555 -0.308827 -0.569904 -0.189636  0.737478
682  158.56 114.118 259.096 -0.302833 -0.571071 -0.189081  0.739201
683  156.35 116.083 259.552 -0.304672  -0.57068 -0.190314  0.738431
684 154.135 118.063 259.919 -0.309609 -0.571694 -0.195752  0.734159
685 151.148 120.713  260.44 -0.306104  -0.57611 -0.192397  0.733063
686 148.941 122.667 260.758 -0.307798 -0.576466 -0.196434     0.731
687 146.007 125.276  261.25 -0.299767 -0.577399 -0.191032  0.735021
688 144.514 126.566 261.411 -0.304499 -0.572306 -0.194975  0.736023
689 142.367 128.475 261.698 -0.302188 -0.568087 -0.196622  0.739797
690 139.516 130.957 262.226 -0.306039 -0.563596 -0.196197  0.741759
691 137.399 132.792 262.599 -0.306899 -0.562336 -0.198428  0.741767
692 135.364 134.612 262.956 -0.306309 -0.561553 -0.203214  0.741308
693 133.385 136.253 263.329 -0.307218 -0.559277 -0.204662  0.742253
694 132.349 137.535 263.514 -0.301631 -0.560362 -0.203421  0.744065
695 129.827 140.063 264.182 -0.299959 -0.556203 -0.206976  0.746876
696 127.319 142.866  265.12 -0.286587 -0.543844 -0.206168  0.761312
697 124.992 145.269 266.585 -0.254393 -0.470109 -0.233961  0.812123
698 123.296 147.102 268.597 -0.200302 -0.341968 -0.270706    0.8773
699 122.418 148.018 270.289 -0.176495 -0.246992 -0.290267  0.907518
700 121.785 148.847 272.716 -0.125596  -0.12645 -0.305107  0.935492
701 121.791 149.384  275.83  -0.0867045 -0.00148786    -0.30988    0.946813
702 122.242 149.554 278.897 -0.0457899  0.0880021   -0.31624   0.943478
703 122.608  149.57 280.525 -0.0365306    0.11861  -0.317333   0.940158
704 123.361 149.506 283.134 -0.0369084   0.135748  -0.314823   0.938668
705 124.227 149.557  286.74 -0.0527934  0.0820738  -0.305625   0.947138
706  124.44 149.838 288.783 -0.0756323 0.00728519  -0.308535   0.948173
707 124.108 150.496  291.07 -0.116665 -0.126159 -0.325387  0.929837
708 123.552 151.387 292.586 -0.163019 -0.241601 -0.317375  0.902401
709 122.698  152.44 293.791 -0.194387 -0.360695 -0.296921  0.862526
710 121.543 153.658 294.684 -0.222932 -0.464129 -0.277759  0.811009
711  120.51 154.658 295.162 -0.233905  -0.51873 -0.265732  0.778199
712 119.402 155.719 295.521  -0.23331 -0.552187 -0.263193  0.755901
713 117.226 157.688 296.208 -0.232738 -0.571189   -0.2608   0.74267
714 114.144 160.435 297.183 -0.229483 -0.570098 -0.261305  0.744342
715 111.196 163.063  298.13 -0.226657 -0.570011 -0.263869  0.744371
716 107.886  166.01 299.195 -0.226545 -0.574858 -0.265878  0.739949
717 105.016 168.583 300.073 -0.223562   -0.5797 -0.268849  0.735995
718 102.792 170.628 300.748 -0.221665 -0.581519  -0.27222  0.733891
719 101.249 172.049 301.232 -0.215638 -0.583947  -0.27576  0.732435
720 98.8949 174.148 301.916 -0.206795 -0.585793 -0.282753  0.730844
721 96.4865 176.223 302.652 -0.203139 -0.586075 -0.285999   0.73038
722  94.084 178.334 303.397 -0.204278  -0.58518 -0.284756  0.731266
723 90.9433 181.035 304.319 -0.205544 -0.588098  -0.28952  0.726685
724 87.8399 183.645 305.118 -0.196631 -0.593244 -0.294446  0.722979
725 85.5186 185.586  305.66  -0.19464 -0.593524 -0.304126  0.719272
726 83.1086 187.352 306.188 -0.191791 -0.594119 -0.311814  0.716248
727 80.2374 189.551 306.904 -0.191481 -0.593334 -0.318556  0.714011
728 77.6524 191.503 307.611 -0.194656 -0.592407 -0.320351  0.713119
729 74.8426 193.644 308.384 -0.197989 -0.589261 -0.326286  0.712116
730 70.3039 197.426 310.125 -0.180647 -0.543899 -0.331968  0.749225
731 67.3997 199.626 313.111 -0.101818 -0.328207 -0.368077  0.863963
732 66.4537 200.219 315.873 -0.0196837  -0.134518  -0.382985   0.913696
733 66.3289 200.077 318.606  0.0386273 0.00523407  -0.384497   0.922303
734   66.62 199.443 321.803 0.0757615 0.0981109 -0.380103    0.9166
735 67.1548 198.517 325.472 0.0850074  0.117157 -0.379614  0.913751
736 67.7647 197.434 329.575 0.0807066  0.118142 -0.385287  0.911638
737 68.3969 196.269 334.264 0.0807787   0.11321 -0.395909  0.907697
738  68.985 195.265 338.407  0.082339  0.111097 -0.398641  0.906622
739 69.5341 194.191 342.794 0.0756299  0.113367 -0.405895  0.903702
740 70.1524 193.098 347.336 0.0785778  0.110903 -0.411001  0.901445
741 70.7353 191.969 352.014 0.0758751  0.111168 -0.417675  0.898572
742 71.1419 191.061 355.593 0.0783959  0.108738 -0.422815  0.896246
743 71.6959 189.886 360.399 0.0725441  0.113239 -0.430104  0.892707
744 72.2996 188.663 365.226 0.0782705  0.112812 -0.433188  0.890783
745 72.8671 187.458 370.029 0.0723755  0.118014 -0.440127  0.887199
746 73.3224 186.558 373.642 0.0722224  0.118787 -0.447668  0.883327
747 73.9081  185.33 378.484 0.0722651  0.118158 -0.457223  0.878501
748 74.5327 184.137 383.368 0.0688114  0.118681 -0.458638   0.87797
749 74.8137 183.542 385.828 0.0677715  0.118902 -0.464357   0.87501
750  75.248 182.655 389.496  0.069677  0.117844 -0.470712  0.871601
751 75.6842 181.741 393.113 0.0658992  0.120839 -0.474182  0.869602
752 76.3207 180.531 397.934 0.0664126  0.121086 -0.476666  0.868169
753 76.9541 179.338  402.69  0.062823  0.121845 -0.476314  0.868523
754 77.4154 178.453 406.264 0.0650995  0.119213 -0.478169  0.867701
755  78.125 177.114  411.93 0.0601901  0.120979 -0.476837  0.868543
756 78.6608 176.079 416.152 0.0625747  0.119422 -0.482014  0.865728
757 79.3056 174.885  421.13 0.0655369  0.124526  -0.48652  0.862262
758 80.0928 173.296 427.239 0.0671127  0.133435 -0.486288  0.860938
759 80.9318 171.695 433.279 0.0690427  0.126794 -0.495412  0.856577
760 81.1691 171.232 438.159 -0.0255181 -0.0150974  -0.500191   0.865408
761 80.7122 172.499  441.03 -0.159536 -0.228298   -0.4861  0.828333
762 80.0524  173.81 442.331 -0.236872 -0.358887 -0.451414  0.781868
763 79.1359 175.559 443.175 -0.292463 -0.476102 -0.415978  0.717464
764 78.3312 177.009 443.513 -0.321647 -0.524929 -0.406672   0.67499
765 77.2202 179.154 443.873 -0.331838 -0.551413  -0.40633  0.648632
766 75.9941 181.458 444.291 -0.324131 -0.557563 -0.401091   0.65053
767 74.5896 184.027 444.778 -0.321987 -0.554066 -0.407116  0.650839
768 73.0408 186.842  445.38 -0.309177 -0.545931 -0.421708  0.654622
769 70.9748 190.718 446.468 -0.297145 -0.531639 -0.437121  0.661808
770 69.2442 194.064 447.493 -0.297872  -0.52543 -0.443203  0.662395
771 67.8696 196.654 448.266 -0.290391  -0.52774 -0.447813  0.660778
772 66.4445 199.354 449.111 -0.287386 -0.526506 -0.452298   0.66002
773 65.0124 202.079 449.976  -0.28403 -0.524871 -0.459142  0.658047
774 63.5988 204.817 450.854 -0.280432 -0.526483 -0.462127  0.656211
775  61.691 208.528 452.049 -0.279449 -0.527156 -0.468372  0.651646
776 60.2701 211.311 452.925 -0.278604 -0.529786 -0.469076  0.649365
777 58.8404 214.121  453.79 -0.275772 -0.532125 -0.473026  0.645785
778 56.9743 217.891 454.959 -0.271702 -0.530362 -0.481192  0.642922
779 54.6869 222.483 456.508 -0.262163   -0.5273 -0.486095  0.645706
780 53.3693 225.123 457.449 -0.258942 -0.522589 -0.493759   0.64502
781 51.7333 228.405 458.695 -0.252698 -0.521368 -0.492882  0.649143
782 48.9605 233.684 460.729 -0.256094 -0.524309 -0.487893  0.649212
783 46.6847 238.172 462.107 -0.263062 -0.552951 -0.481298  0.627213
784 44.3104 242.885 463.299 -0.257143  -0.56179 -0.488928  0.615807
785 42.7097  246.27 464.218 -0.257712 -0.552269  -0.50687  0.609644
786 41.5425  248.92 464.956 -0.240237 -0.553643 -0.511006  0.612077
787 40.2122 251.718 465.843 -0.234448  -0.54872 -0.516532  0.614113
788 37.7514 256.561 467.463 -0.214043  -0.54905 -0.522994  0.615799
789 35.5962 260.505 468.993  -0.21512 -0.536807 -0.528717  0.621305
790 32.9441 265.423 470.957 -0.208197 -0.533137 -0.532703  0.623415
791 30.8445 269.318 472.532 -0.207669 -0.538863  -0.52619    0.6242
792 28.7497 273.197 473.946 -0.213244 -0.545755 -0.529012  0.613861
793 27.1922 276.096 474.926 -0.209231 -0.550844 -0.532519  0.607633
794 26.1439 278.053 475.606 -0.213113 -0.548518 -0.537323  0.604149
795 24.6307 280.944 476.582 -0.204747 -0.553359  -0.53979  0.600416
796 22.5715 284.801 477.905 -0.212402 -0.551614 -0.541124  0.598157
797 20.5979 288.598 479.151 -0.207749 -0.557701 -0.545369  0.590239
798 18.6168 292.336 480.367 -0.210799 -0.557345 -0.548884  0.586222
799 16.2535  296.98 481.851 -0.206031  -0.55873 -0.553448  0.582295
800 14.3395 300.593 483.021 -0.204081 -0.560912 -0.552047  0.582213
801 11.9711 305.125 484.469 -0.191664 -0.561264 -0.561873  0.576668
802 9.54369  309.66 486.085 -0.186622 -0.554992 -0.561623  0.584582
803 8.04933 312.408 487.123 -0.189058 -0.548517 -0.563298  0.588287
804 6.58516 315.168 488.175 -0.186096 -0.547394 -0.566368  0.587328
805 5.12009 317.943 489.234 -0.176114 -0.546065 -0.575631  0.582619
806 2.59162 322.588 491.123 -0.166864 -0.538785 -0.585224  0.582563
807 0.542879   326.33  492.744 -0.164699 -0.535609 -0.588405  0.582904
808 -1.02428  329.122  493.979  -0.16237  -0.53414 -0.591458  0.581815
809 -2.59401  331.921  495.201   -0.1595 -0.532216 -0.594039  0.581742
810 -4.62543  335.566  496.897 -0.155484 -0.526478 -0.598458  0.583518
811 -6.5843 339.055 498.603  -0.14436 -0.519528 -0.605118  0.585734
812 -8.46048  342.221  500.313 -0.139602 -0.514413 -0.606143  0.590323
813 -10.2091  345.203   501.94  -0.13813 -0.510853 -0.607358  0.592508
814 -11.8253  347.941  503.435  -0.13327 -0.502405  -0.61616  0.591757
815 -13.641 350.883 505.275 -0.110144 -0.490871 -0.617097  0.605067
816 -15.8877  354.015  507.736 -0.0915547  -0.458927  -0.610676    0.63881
817 -17.6746  356.487  509.719  -0.10005 -0.463496 -0.607648  0.637123
818 -19.5709  359.704  511.656 -0.150935 -0.521161 -0.599351  0.588547
819 -21.4367  363.591  513.273 -0.148684 -0.536526 -0.606583   0.56753
820 -24.6283  369.089   516.55 -0.110101 -0.510092 -0.608369  0.597972
821 -25.9567  372.464  517.604  0.217508  0.625982  0.570546 -0.485092
822 -26.6392  376.117  517.121 0.338572 0.728169 0.497416  -0.3282
823 -26.6207  378.699  515.767  0.410309  0.769562  0.441148 -0.211681
824 -26.2734  380.777  514.119  0.445052  0.785775  0.406649 -0.138289
825 -25.6923  382.862  512.088    0.47265   0.793251   0.372657 -0.0920969
826 -24.613 385.336 508.989   0.497601   0.792949   0.348426 -0.0471655
827 -23.5172  387.428  506.074   0.496673   0.797234   0.341083 -0.0373632
828 -22.3699  389.761  502.949    0.50039   0.794853   0.341359 -0.0359471
829 -21.7497  391.003  501.264  0.501018  0.794356  0.341757 -0.034379
830 -20.8226  392.913  498.698  0.503998   0.79266  0.341562 -0.031784
831 -19.5013  395.462  495.172   0.509313   0.790234   0.339609 -0.0282045
832 -18.3843  397.452  492.414  0.509858  0.788903  0.342428 -0.020484
833 -17.2902  399.393  489.644   0.505781   0.797596   0.327824 -0.0236225
834 -16.2369  401.284  486.846   0.503116   0.796964   0.334013 -0.0125726
835 -15.1314  403.123  484.082    0.503582    0.798345    0.330185 -0.00536489
836 -13.6018  405.513  480.389    0.50533   0.799043    0.32581 0.00453509
837 -12.4414  407.247  477.618  0.507418  0.799433   0.32141 0.0114051
838 -11.2738  408.902  474.857  0.507782   0.80072  0.317327 0.0175686
839 -10.0939  410.523  472.077  0.510811  0.800071   0.31378 0.0223919
840 -8.89137  412.095  469.298  0.512552  0.800096  0.310391 0.0281811
841 -7.68272  413.623  466.518  0.511062  0.802108  0.307128 0.0333346
842 -6.44073  415.142  463.723  0.508199  0.804944  0.303912 0.0379069
843 -5.20128  416.611  460.918 0.506164 0.807276 0.300535 0.042212
844 -3.92074   418.09  458.067  0.502659  0.810119  0.297834 0.0483283
845 -2.63154  419.521  455.204  0.501438  0.811597  0.295084 0.0528775
846 -1.32509  420.937  452.328  0.499898  0.812715  0.293527 0.0586295
847 0.0113964   422.339   449.426  0.496408  0.815697  0.290014 0.0641052
848 1.38551 423.709 446.489  0.491291  0.819336  0.286924 0.0706926
849 2.33198  424.62 444.498  0.488716  0.820979  0.285481 0.0751733
850  3.7448 425.952 441.528  0.487937  0.822144  0.281714 0.0814455
851 5.20668 427.273 438.519  0.484879  0.823441  0.280272 0.0910215
852 6.74533 428.549 435.492  0.483571  0.825814  0.273365 0.0972728
853 7.76848 429.382 433.454 0.486123 0.824564 0.270989 0.101704
854  9.3665 430.589  430.37 0.482032 0.826195 0.269608  0.11117
855 10.4578 431.382 428.292 0.482037 0.826835  0.26588 0.115294
856 12.0843  432.52 425.223 0.484948 0.825615 0.261367 0.121958
857  13.742 433.618 422.134 0.483598  0.82582 0.259133 0.130401
858 15.4398 434.643 419.059 0.483351 0.828071 0.251178 0.132587
859 17.1243 435.643 415.991 0.481087 0.828564 0.250448 0.138972
860  18.851 436.616 412.934   0.4791 0.830107 0.246189  0.14414
861  20.575 437.522 409.883 0.479333 0.831197 0.239241 0.148711
862 22.3447 438.388 406.794 0.477165 0.831347 0.237645 0.157162
863 24.1465 439.187 403.727 0.477385 0.831136  0.23459 0.162122
864 25.9607 439.976 400.659 0.472711 0.835252  0.22705 0.165368
865 28.3774 440.978 396.596 0.466449  0.83847 0.223874 0.171093
866 30.1899 441.724 393.557 0.462718 0.840573 0.220645 0.175058
867 32.5767 442.663 389.517 0.460041 0.842352 0.214728 0.180821
868 34.4146 443.287 386.462 0.459303 0.842024 0.213285 0.185867
869 36.2966 443.899 383.399 0.453363 0.845143 0.208066 0.192104
870 37.5718 444.281 381.351 0.44758 0.84889 0.20219 0.19539
871 38.8396 444.648   379.3  0.44544 0.849507 0.199989 0.199812
872 40.0954 444.992 377.257 0.442612 0.849674 0.199134  0.20614
873 41.3612 445.312 375.269  0.43958 0.851255 0.194635 0.210359
874 43.1695 445.682  372.47 0.439028 0.851196 0.190882 0.215139
875 45.0343 446.073 369.526 0.435894 0.851949 0.187869 0.221098
876 46.9161 446.454 366.542 0.436696 0.850049   0.1874 0.227143
877  48.181 446.712 364.569 0.437495 0.848827 0.186297 0.231052
878 50.0487 447.042 361.727 0.438331 0.848232  0.18155 0.235389
879 52.6417  447.43 357.851 0.435677 0.848283 0.177233 0.243289
880 54.6635 447.683 354.905 0.435752 0.848206 0.171271 0.247654
881 57.3543 447.984 350.985 0.438721 0.845138 0.166927 0.255737
882  59.498  448.12 347.996 0.435877 0.845482 0.162837 0.262023
883 61.6455 448.157 345.076 0.431675 0.846464 0.159468 0.267817
884 63.8169 448.195 342.138 0.424614 0.848897 0.155049 0.273929
885 65.9798  448.23 339.222 0.420795 0.849216 0.152402 0.280245
886 68.1684 448.224 336.345 0.415226 0.850884 0.148378 0.285599
887 70.3292 448.212  333.47 0.414762  0.85106 0.141359 0.289287
888 72.4885 448.147 330.624 0.412423 0.850235 0.141149 0.295101
889 74.6708 448.058 327.802 0.412824 0.848467 0.136954 0.301536
890 76.8323 447.963 325.098 0.410059 0.847191 0.136453 0.309031
891 79.0071 447.827 322.398 0.414235  0.84305 0.134844 0.315426
892 82.0397 447.569  318.81 0.414928 0.840751 0.129125 0.322954
893 85.1251 447.245 315.219 0.415464 0.838689 0.124968 0.329202
894 88.2907 446.836 311.588 0.417728 0.835861 0.120105 0.335283
895 90.7298  446.48 308.785  0.41378 0.836143 0.114613 0.341342
896 94.8548 445.796 304.226 0.411645 0.833609 0.110254 0.351408
897 97.3716 445.329 301.452 0.409394 0.832181 0.107675 0.358158
898 100.779 444.628 297.807  0.40846 0.830175 0.102093  0.36544
899 104.331 443.848 294.167  0.399428  0.832167 0.0952836  0.372661
900 107.019 443.203 291.438  0.394812  0.833075 0.0920607  0.376343
901 110.672 442.319   287.8  0.388958  0.834352 0.0899825  0.380094
902 114.355 441.393 284.137  0.379378  0.837932 0.0860336  0.382806
903 118.094 440.492 280.486  0.372269  0.841464 0.0859258  0.382062
904 121.728 439.702 276.795  0.382926   0.83781 0.0908517  0.378401
905  125.26 438.923  273.26  0.377898  0.841444 0.0897378  0.375649
906 128.784 438.144  269.66  0.377497   0.84318 0.0857032  0.373092
907 132.234 437.435 266.046  0.382976  0.839747 0.0895095  0.374356
908 135.724 436.714 262.469  0.383001  0.838816 0.0883202  0.376693
909 138.385  436.11 259.801  0.379531  0.839955 0.0877585  0.377797
910 141.876 435.363 256.255  0.380101  0.839999 0.0867759  0.377354
911 144.515  434.74 253.605  0.375557  0.842665 0.0840028  0.376584
912 148.038   433.9 250.016  0.372803  0.844275 0.0823526  0.376079
913 150.722 433.271 247.305 0.367009 0.846033 0.084274 0.377399
914 153.401 432.651 244.535 0.359483  0.84964 0.079817 0.377509
915 156.944 431.815 240.938   0.35206  0.853292 0.0755339  0.377149
916 160.498 431.001 237.318  0.349022  0.854562 0.0742842  0.377345
917 164.043 430.177 233.678  0.350203  0.853995 0.0740719  0.377576
918 166.751 429.578 230.951  0.345249  0.855006 0.0764847  0.379365
919 169.438 428.967 228.226  0.345233  0.855346 0.0748274  0.378943
920 172.127 428.401 225.499  0.345599  0.854286 0.0778075  0.380397
921 174.818 427.795 222.763  0.343501  0.856497 0.0704566  0.378756
922 177.496 427.185 220.026  0.340244  0.857412 0.0723859  0.379262
923 179.305  426.79  218.14  0.340356  0.857849 0.0699401  0.378631
924 182.011 426.191 215.416  0.337063  0.859009 0.0712174  0.378709
925 185.568 425.431 211.759  0.333991  0.860197 0.0690419  0.379137
926 188.212 424.855 209.054 0.332076 0.860251 0.069552 0.380599
927 191.815  424.12 205.453 0.329991 0.860869 0.067806 0.381331
928 195.444 423.334 201.855  0.325735  0.861871 0.0685623  0.382589
929 198.134 422.732 199.205  0.321409   0.86358 0.0677897  0.382532
930 200.821  422.15 196.515  0.321335  0.864219 0.0684787  0.381026
931 203.497 421.555 193.886  0.322725    0.8652 0.0687504  0.377559
932 206.115 421.032  191.19 0.320644 0.866253 0.071777 0.376353
933 208.701 420.486 188.576  0.320785  0.868621 0.0664205   0.37173
934 211.257 419.942 185.971  0.317422  0.870191 0.0681146  0.370636
935 213.783 419.451 183.398  0.312433  0.872368 0.0679702  0.369784
936 216.256 418.964  180.93  0.309101  0.874226 0.0658022  0.368585
937 219.495 418.391 177.746  0.304393  0.875535 0.0631423  0.369859
938 222.579 417.838 174.679  0.305881  0.875399 0.0576783  0.369847
939 225.503 417.374 171.764  0.310371  0.873401 0.0550539  0.371227
940 228.146 416.854 169.116  0.306521  0.872311 0.0505776  0.377571
941 231.199 416.162 166.218  0.306025  0.865203 0.0375987  0.395422
942 234.651 415.166 163.425  0.303123  0.837249 0.0126827   0.45494
943 238.703 413.477 161.365   0.287993   0.768103 -0.0393522   0.570551
944 241.649 411.971 160.825   0.277605   0.689104 -0.0779882   0.664822
945 244.928 409.895 161.323  0.256767   0.57872 -0.128905  0.763241
946 248.229 407.436 162.968  0.238091  0.492421 -0.173161  0.819054
947 251.778 404.648 165.107  0.240267  0.492504 -0.168884  0.819261
948 255.805 401.646 167.059  0.253133  0.516833 -0.155457  0.802895
949 259.939 398.465  168.84   0.26187    0.5001 -0.166085  0.808542
950 262.131 396.342 171.044  0.222296  0.351266 -0.211395  0.884595
951 263.309 394.879  173.39   0.19305  0.235581 -0.235848  0.922826
952 264.109 393.406 176.929   0.16118  0.106958 -0.253865  0.947699
953 264.216 392.134 180.907  0.141466   0.03789 -0.268606  0.952052
954 264.056 390.793  185.66  0.136871 0.0248633 -0.279265  0.950084
955 263.864 389.562 190.016  0.139226 0.0242345 -0.290318  0.946438
956 263.739 388.756 192.778  0.137689 0.0212796 -0.293467  0.945762
957 263.531 387.673  196.62  0.13355 0.014569 -0.29765 0.945175
958 263.283 386.604 200.598   0.133769 0.00975057  -0.305184   0.942801
959 262.935 385.457 204.769   0.128306 0.00902336  -0.308099    0.94262
960 262.488 384.031 210.042   0.131145 0.00991804  -0.317753   0.939008
961 262.167 382.868 214.362   0.12798 0.0153188 -0.326027  0.936532
962 261.784 381.387 219.758  0.131951 0.0212001 -0.334983  0.932698
963 261.438 379.798 225.304  0.133587 0.0218523  -0.33628  0.931983
964 261.161 378.514 229.788  0.129994 0.0244842 -0.335928  0.932553
965 260.889 377.228 234.313  0.137747 0.0238117  -0.34673   0.92749
966 260.598 375.921 238.875  0.133655 0.0253574 -0.348053  0.927552
967 260.273 374.294 244.571  0.136121 0.0242434 -0.350497  0.926302
968 259.813 372.318 251.231  0.133225 0.0248169 -0.342218  0.929797
969 259.547 371.091 255.678  0.129867 0.0285765 -0.347947  0.928036
970 259.242 369.553 261.116  0.130904 0.0295432 -0.346951  0.928233
971 259.058 368.333 265.449  0.134586 0.0289399 -0.340551  0.930094
